         0.000000000000000        0.000000000000000        0.000000000000000
         0.000000000000000        0.000000000000000        0.000000000000000
         0.000000000000000        0.000000000000000        0.000000000000000
         0.000000000000000        0.000000000000000        0.000000000000000
         0.000000000000000        0.000000000000000        0.000000000000000
         0.000000000000000        0.000000000000000        0.000000000000000
       130.034184399999987       75.075259799999998        0.000000000000000
       190.179787599999997      109.800334699999993        0.000000000000000
         0.000000000000000        0.000000000000000        0.000000000000000
        -3.269216800000000       -1.887482900000000        0.000000000000000
        -0.921103200000000       -0.531799100000000        0.000000000000000
        -0.943852100000000       -0.544933200000000        0.000000000000000
       129.721476499999994       74.894717900000003        0.000000000000000
       189.901098700000006      109.639433600000004        0.000000000000000
         0.000000000000000        0.000000000000000        0.000000000000000
        -6.533951500000000       -3.772378100000000        0.000000000000000
        -1.841526200000000       -1.063205500000000        0.000000000000000
        -1.890732400000000       -1.091614700000000        0.000000000000000
       129.462413099999992       74.745147599999996        0.000000000000000
       189.615624700000012      109.474615200000002        0.000000000000000
         0.000000000000000        0.000000000000000        0.000000000000000
        -9.789715800000000       -5.652094200000000        0.000000000000000
        -2.771521000000000       -1.600138100000000        0.000000000000000
        -2.832710800000000       -1.635466100000000        0.000000000000000
       129.133771300000006       74.555406199999993        0.000000000000000
       189.239839700000005      109.257655600000007        0.000000000000000
        15.273797500000001        8.818329800000001        0.000000000000000
       -13.032009000000000       -7.524032800000000        0.000000000000000
        -3.712557700000000       -2.143445900000000        0.000000000000000
        -3.770587400000000       -2.176949300000000        0.000000000000000
       128.720150499999988       74.316602099999997        0.000000000000000
       188.763867800000014      108.982853199999994        0.000000000000000
        17.016020500000000        9.824202500000000        0.000000000000000
       -16.256310800000001       -9.385584000000000        0.000000000000000
        -4.668250000000000       -2.695215000000000        0.000000000000000
        -4.702941300000000       -2.715244000000000        0.000000000000000
       128.217448300000001       74.026366899999999        0.000000000000000
       188.185728600000004      108.649064400000000        0.000000000000000
        19.832081400000000       11.450055799999999        0.000000000000000
       -19.458074300000000      -11.234122700000000        0.000000000000000
        -5.642155500000000       -3.257499500000000        0.000000000000000
        -5.628304000000000       -3.249502300000000        0.000000000000000
       127.623921600000003       73.683694200000005        0.000000000000000
       187.505238899999995      108.256183600000000        0.000000000000000
        22.849182800000001       13.191979800000000        0.000000000000000
       -22.632717400000001      -13.067003500000000        0.000000000000000
        -6.637762500000000       -3.832313400000000        0.000000000000000
        -6.545147300000000       -3.778842000000000        0.000000000000000
       126.938476399999999       73.287952300000001        0.000000000000000
       186.722847599999994      107.804469800000007        0.000000000000000
        25.913476100000000       14.961150099999999        0.000000000000000
       -25.775614300000001      -14.881555600000000        0.000000000000000
        -7.658457400000000       -4.421611800000000        0.000000000000000
        -7.451890100000000       -4.302350100000000        0.000000000000000
       126.160197100000005       72.838612600000005        0.000000000000000
       185.839317300000005      107.294363399999995        0.000000000000000
        28.975760000000001       16.729160300000000        0.000000000000000
       -28.882083999999999      -16.675076399999998        0.000000000000000
        -8.707608300000000       -5.027339200000000        0.000000000000000
        -8.346789400000000       -4.819020300000000        0.000000000000000
       125.288183799999999       72.335155599999993        0.000000000000000
       184.855616099999992      106.726423299999993        0.000000000000000
        32.014117200000001       18.483356400000002        0.000000000000000
       -31.947378799999999      -18.444824900000000        0.000000000000000
        -9.788359600000000       -5.651311200000000        0.000000000000000
        -9.228120100000000       -5.327856800000000        0.000000000000000
       124.321483299999997       71.777030800000006        0.000000000000000
       183.772873900000008      106.101302000000004        0.000000000000000
        35.015978199999999       20.216481300000002        0.000000000000000
       -34.966669699999997      -20.188013099999999        0.000000000000000
       -10.903812300000000       -6.295318000000000        0.000000000000000
       -10.093970199999999       -5.827755500000000        0.000000000000000
       123.259054399999997       71.163637300000005        0.000000000000000
       182.592363100000000      105.419733800000003        0.000000000000000
        37.972529999999999       21.923447100000001        0.000000000000000
       -37.935029700000001      -21.901796300000001        0.000000000000000
       -12.056918700000001       -6.961064200000000        0.000000000000000
       -10.942320600000000       -6.317550800000000        0.000000000000000
       122.099747300000004       70.494311199999999        0.000000000000000
       181.315487899999994      104.682529700000003        0.000000000000000
        40.876615899999997       23.600121600000001        0.000000000000000
       -40.847414399999998      -23.583262099999999        0.000000000000000
       -13.250489399999999       -7.650172400000000        0.000000000000000
       -11.771014400000000       -6.795997300000000        0.000000000000000
       120.842288800000006       69.768317300000007        0.000000000000000
       179.943779000000006      103.890573300000000        0.000000000000000
        43.721829399999997       25.242806099999999        0.000000000000000
       -43.698638600000002      -25.229416900000000        0.000000000000000
       -14.487183999999999       -8.364178300000001        0.000000000000000
       -12.577741800000000       -7.261761500000000        0.000000000000000
       119.485270000000000       68.984842200000003        0.000000000000000
       178.478889299999992      103.044819000000004        0.000000000000000
        46.502075099999999       26.847981499999999        0.000000000000000
       -46.483348999999997      -26.837169899999999        0.000000000000000
       -15.769501999999999       -9.104524899999999        0.000000000000000
       -13.360026500000000       -7.713413700000000        0.000000000000000
       118.027136499999997       68.142988599999995        0.000000000000000
       176.922591199999999      102.146289999999993        0.000000000000000
        49.211329300000003       28.412169800000001        0.000000000000000
       -49.195991399999997      -28.403314500000000        0.000000000000000
       -17.099774199999999       -9.872557700000000        0.000000000000000
       -14.115211700000000       -8.149419999999999        0.000000000000000
       116.466178200000002       67.241769000000005        0.000000000000000
       175.276774200000006      101.196077299999999        0.000000000000000
        51.843490899999999       29.931848800000001        0.000000000000000
       -51.830772500000002      -29.924505900000000        0.000000000000000
       -18.480154899999999      -10.669520800000001        0.000000000000000
       -14.840447100000000       -8.568134799999999        0.000000000000000
       114.800521500000002       66.280101799999997        0.000000000000000
       173.543442300000009      100.195337800000004        0.000000000000000
        54.392273799999998       31.403389099999998        0.000000000000000
       -54.381613600000001      -31.397234399999999        0.000000000000000
       -19.912615500000001      -11.496552100000001        0.000000000000000
       -15.532675299999999       -8.967792899999999        0.000000000000000
       113.028121700000000       65.256806499999996        0.000000000000000
       171.724712100000005       99.145293600000002        0.000000000000000
        56.851115600000000       32.823001800000000        0.000000000000000
       -56.842095800000003      -32.817794300000003        0.000000000000000
       -21.398937600000000      -12.354680500000001        0.000000000000000
       -16.188621300000001       -9.346503400000000        0.000000000000000
       111.146756900000000       64.170600199999996        0.000000000000000
       169.822810000000004       98.047229999999999        0.000000000000000
        59.213090000000001       34.186688199999999        0.000000000000000
       -59.205394499999997      -34.182245199999997        0.000000000000000
       -22.940708500000000      -13.244822200000000        0.000000000000000
       -16.804781500000001       -9.702243599999999        0.000000000000000
       109.154024899999996       63.020096000000002        0.000000000000000
       167.840069800000009       96.902494700000005        0.000000000000000
        61.470815100000003       35.490186199999997        0.000000000000000
       -61.464200900000002      -35.486367500000000        0.000000000000000
       -24.539315700000000      -14.167778300000000        0.000000000000000
       -17.377416799999999      -10.032854700000000        0.000000000000000
       107.047341700000004       61.803802099999999        0.000000000000000
       165.778930199999991       95.712495300000000        0.000000000000000
        63.616350799999999       36.728911600000004        0.000000000000000
       -63.610628699999999      -36.725608000000001        0.000000000000000
       -26.195943600000000      -15.124232800000000        0.000000000000000
       -17.902547400000000      -10.336039000000000        0.000000000000000
       104.823944100000006       60.520123099999999        0.000000000000000
       163.641931199999988       94.478698600000001        0.000000000000000
        65.641080000000002       37.897889399999997        0.000000000000000
       -65.636100900000002      -37.895014699999997        0.000000000000000
       -27.911570200000000      -16.114750099999998        0.000000000000000
       -18.375952000000002      -10.609359200000000        0.000000000000000
       102.480897700000000       59.167364800000001        0.000000000000000
       161.431711600000000       93.202627899999996        0.000000000000000
        67.535570500000006       38.991673800000001        0.000000000000000
       -67.531215599999996      -38.989159500000000        0.000000000000000
       -29.686964499999998      -17.139774299999999        0.000000000000000
       -18.793172500000001      -10.850241499999999        0.000000000000000
       100.015109400000000       57.743741499999999        0.000000000000000
       159.151004699999987       91.885861300000002        0.000000000000000
        69.289410000000004       40.004253400000003        0.000000000000000
       -69.285583599999995      -40.002044200000000        0.000000000000000
       -31.522684999999999      -18.199627899999999        0.000000000000000
       -19.149523599999998      -11.055980900000000        0.000000000000000
        97.423348799999999       56.247388000000001        0.000000000000000
       156.802634799999993       90.530029600000006        0.000000000000000
        70.891009699999998       40.928937300000001        0.000000000000000
       -70.887634399999996      -40.926988500000000        0.000000000000000
       -33.419078300000002      -19.294510899999999        0.000000000000000
       -19.440111800000000      -11.223752100000000        0.000000000000000
        94.702277199999997       54.676376900000001        0.000000000000000
       154.389512599999989       89.136813000000004        0.000000000000000
        72.327370599999995       41.758220500000000        0.000000000000000
       -72.324382700000001      -41.756495399999999        0.000000000000000
       -35.376278300000003      -20.424500699999999        0.000000000000000
       -19.659862499999999      -11.350625100000000        0.000000000000000
        91.848488500000002       53.028741500000002        0.000000000000000
       151.914630299999999       87.707939199999998        0.000000000000000
        73.583803099999997       42.483621999999997        0.000000000000000
       -73.581150300000004      -42.482090399999997        0.000000000000000
       -37.394206400000002      -21.589551799999999        0.000000000000000
       -19.803558500000001      -11.433588100000000        0.000000000000000
        88.858562000000006       51.302506800000003        0.000000000000000
       149.381055900000007       86.245179600000000        0.000000000000000
        74.643594100000001       43.095492600000000        0.000000000000000
       -74.641233000000000      -43.094129400000000        0.000000000000000
       -39.472570900000001      -22.789496000000000        0.000000000000000
       -19.865892400000000      -11.469576600000000        0.000000000000000
        85.729129700000001       49.495728499999998        0.000000000000000
       146.791927100000009       84.750345600000003        0.000000000000000
        75.487612499999997       43.582786700000000        0.000000000000000
       -75.485506700000002      -43.581570900000003        0.000000000000000
       -41.610867900000002      -24.024042099999999        0.000000000000000
       -19.841532500000000      -11.455512400000000        0.000000000000000
        82.456960899999999       47.606541300000004        0.000000000000000
       144.150443599999988       83.225284599999995        0.000000000000000
        76.093845400000006       43.932795400000003        0.000000000000000
       -76.091964500000003      -43.931709499999997        0.000000000000000
       -43.808380300000003      -25.292776300000000        0.000000000000000
       -19.725206700000001      -11.388351600000000        0.000000000000000
        79.039063400000003       45.633217500000001        0.000000000000000
       141.459858200000014       81.671874700000004        0.000000000000000
        76.436861100000002       44.130835599999997        0.000000000000000
       -76.435179500000004      -44.129864699999999        0.000000000000000
       -46.064177999999998      -26.595161500000000        0.000000000000000
       -19.511804300000001      -11.265143699999999        0.000000000000000
        75.472804699999998       43.574237400000001        0.000000000000000
       138.723466000000002       80.092018199999998        0.000000000000000
        76.487198599999999       44.159897899999997        0.000000000000000
       -76.485694400000000      -44.159029500000003        0.000000000000000
       -48.377115199999999      -27.930536199999999        0.000000000000000
       -19.196497500000000      -11.083101299999999        0.000000000000000
        71.756052900000000       41.428370100000002        0.000000000000000
       135.944589900000011       78.487633500000001        0.000000000000000
        76.210694899999993       44.000258500000001        0.000000000000000
       -76.209349799999998      -43.999481899999999        0.000000000000000
       -50.745826399999999      -29.298112000000000        0.000000000000000
       -18.774882999999999      -10.839682099999999        0.000000000000000
        67.887335399999998       39.194765300000000        0.000000000000000
       133.126561799999990       76.860644500000006        0.000000000000000
        75.567781499999995       43.629072299999997        0.000000000000000
       -75.566579500000003      -43.628378300000001        0.000000000000000
       -53.168718100000000      -30.696968999999999        0.000000000000000
       -18.243142400000000      -10.532681500000001        0.000000000000000
        63.866015599999997       36.873055700000002        0.000000000000000
       130.272696200000013       75.212964700000001        0.000000000000000
        74.512810500000001       43.019984600000001        0.000000000000000
       -74.511738300000005      -43.019365499999999        0.000000000000000
       -55.643953400000001      -32.126046500000001        0.000000000000000
       -17.598220699999999      -10.160335900000000        0.000000000000000
        59.692482599999998       34.463465599999999        0.000000000000000
       127.386250700000005       73.546474900000007        0.000000000000000
        72.993524899999997       42.142824800000000        0.000000000000000
       -72.992570799999996      -42.142273899999999        0.000000000000000
       -58.169424499999998      -33.584127700000003        0.000000000000000
       -16.838018000000002       -9.721432800000001        0.000000000000000
        55.368347000000000       31.966925199999999        0.000000000000000
       124.470364500000002       71.862987500000003        0.000000000000000
        70.950860800000001       40.963492299999999        0.000000000000000
       -70.950014899999999      -40.963003899999997        0.000000000000000
       -60.742703900000002      -35.069811100000003        0.000000000000000
       -15.961589200000001       -9.215426400000000        0.000000000000000
        50.896638299999999       29.385183300000001        0.000000000000000
       121.527956200000006       70.164187400000003        0.000000000000000
        68.319380100000004       39.444206399999999        0.000000000000000
       -68.318634000000003      -39.443775700000003        0.000000000000000
       -63.360955199999999      -36.581458900000001        0.000000000000000
       -14.969343000000000       -8.642552900000000        0.000000000000000
        46.281989099999997       26.720914799999999        0.000000000000000
       118.561543000000000       68.451528300000007        0.000000000000000
        65.028767900000005       37.544370899999997        0.000000000000000
       -65.028114400000007      -37.543993600000000        0.000000000000000
       -66.020766699999996      -38.117101599999998        0.000000000000000
       -13.863231300000001       -8.003939100000000        0.000000000000000
        41.530798099999998       23.977813800000000        0.000000000000000
       115.572900799999999       66.726035199999998        0.000000000000000
        61.006977599999999       35.222389499999998        0.000000000000000
       -61.006410600000002      -35.222062200000003        0.000000000000000
       -68.717824399999998      -39.674248400000003        0.000000000000000
       -12.646915399999999       -7.301698900000000        0.000000000000000
        36.651355299999999       21.160666599999999        0.000000000000000
       112.562368300000003       64.987903700000004        0.000000000000000
        56.185710200000003       32.438829900000002        0.000000000000000
       -56.185224400000003      -32.438549500000001        0.000000000000000
       -71.446232199999997      -41.249495000000003        0.000000000000000
       -11.325895900000001       -6.539008100000000        0.000000000000000
        31.653916899999999       18.275394599999998        0.000000000000000
       109.527293400000005       63.235602700000001        0.000000000000000
        50.508855500000003       29.161296799999999        0.000000000000000
       -50.508446599999999      -29.161060800000001        0.000000000000000
       -74.196972200000005      -42.837635300000002        0.000000000000000
        -9.907592599999999       -5.720150400000000        0.000000000000000
        26.550716300000001       15.329060800000001        0.000000000000000
       106.458136600000003       61.463624400000000        0.000000000000000
        43.944131300000002       25.371152100000000        0.000000000000000
       -43.943795799999997      -25.370958399999999        0.000000000000000
       -76.954024599999997      -44.429420000000000        0.000000000000000
        -8.401360300000000       -4.850526900000000        0.000000000000000
        21.355900500000001       12.329833000000001        0.000000000000000
       103.327099899999993       59.655919799999999        0.000000000000000
        36.497229599999997       21.071682100000000        0.000000000000000
       -36.496964499999997      -21.071529099999999        0.000000000000000
       -79.683011800000003      -46.005001300000004        0.000000000000000
        -6.818430900000000       -3.936622300000000        0.000000000000000
        16.085384699999999        9.286899800000000        0.000000000000000
       100.046973499999993       57.762138299999997        0.000000000000000
        28.226272600000001       16.296443600000000        0.000000000000000
       -28.226075699999999      -16.296329900000000        0.000000000000000
       -82.290061499999993      -47.510181899999999        0.000000000000000
        -5.171773800000000       -2.985924500000000        0.000000000000000
        10.756625000000000        6.210339400000000        0.000000000000000
        96.262214000000000       55.577006599999997        0.000000000000000
        19.252641000000001       11.115515800000001        0.000000000000000
       -19.252510699999998      -11.115440500000000        0.000000000000000
       -84.412900600000000      -48.735803400000002        0.000000000000000
        -3.475873800000000       -2.006796400000000        0.000000000000000
         5.388311900000000        3.110942800000000        0.000000000000000
        89.331852100000006       51.575761000000000        0.000000000000000
         9.763211300000000        5.636791800000000        0.000000000000000
        -9.763146400000000       -5.636754400000000        0.000000000000000
       -83.403780499999996      -48.153187699999997        0.000000000000000
        -1.746431900000000       -1.008302800000000        0.000000000000000
         0.000000000000000        0.000000000000000        0.000000000000000
         0.000000000000000        0.000000000000000        0.000000000000000
         0.000000000000000        0.000000000000000        0.000000000000000
        -0.000000000000000       -0.000000000000000        0.000000000000000
        -0.000000000000000       -0.000000000000000        0.000000000000000
        -0.000000000000000       -0.000000000000000        0.000000000000000
         0.000000000000000        0.000000000000000        0.000000000000000
         0.000000000000000        0.000000000000000        0.000000000000000
        -0.000000000000000       -0.000000000000000        0.000000000000000
         0.000000000000000        0.000000000000000        0.000000000000000
        -0.000000000000000       -0.000000000000000        0.000000000000000
        -0.000000000000000       -0.000000000000000        0.000000000000000
        -1.079010900000000        1.891562400000000        0.000000000000000
        -2.676177400000000        4.647723300000000        0.000000000000000
         1.079003800000000       -1.891549900000000        0.000000000000000
         2.308790000000000       -3.406914900000000        0.000000000000000
         0.604331400000000       -1.625073700000000        0.000000000000000
        -1.644822200000000        2.844879900000000        0.000000000000000
        -2.157512100000000        3.782272800000000        0.000000000000000
        -5.345157000000000        9.282955800000000        0.000000000000000
         2.157497900000000       -3.782247900000000        0.000000000000000
         4.580441100000000       -6.781141200000000        0.000000000000000
         1.222395300000000       -3.242352700000000        0.000000000000000
        -3.266455200000000        5.649634600000000        0.000000000000000
        -3.234993800000000        5.671279900000000        0.000000000000000
        -7.999809600000000       13.893325600000001        0.000000000000000
         3.234972600000000       -5.671242700000000        0.000000000000000
         6.781608800000000      -10.090324499999999        0.000000000000000
         1.865216600000000       -4.845592800000000        0.000000000000000
        -4.842794800000000        8.376020000000000        0.000000000000000
        -4.310946700000000        7.557733100000000        0.000000000000000
       -10.633141100000000       18.466695699999999        0.000000000000000
         4.310918500000000       -7.557683700000000        0.000000000000000
         8.885372000000000      -13.303167300000000        0.000000000000000
         2.539451600000000       -6.431053200000000        0.000000000000000
        -6.353787600000000       10.989345399999999        0.000000000000000
        -5.384861600000000        9.440783200000000        0.000000000000000
       -13.238356500000000       22.991275000000002        0.000000000000000
         5.384826600000000       -9.440721900000000        0.000000000000000
        10.872192399999999      -16.390606300000002        0.000000000000000
         3.247178000000000       -7.997619800000000        0.000000000000000
        -7.782178200000000       13.459770300000001        0.000000000000000
        -6.456229800000000       11.319583000000000        0.000000000000000
       -15.808919299999999       27.455720899999999        0.000000000000000
         6.456188200000000      -11.319509999999999        0.000000000000000
        12.729476800000000      -19.327159800000000        0.000000000000000
         3.986810400000000       -9.546282600000000        0.000000000000000
        -9.113985100000001       15.763125799999999        0.000000000000000
        -7.524543300000000       13.193287300000000        0.000000000000000
       -18.338604799999999       31.849232799999999        0.000000000000000
         7.524495200000000      -13.193203000000000        0.000000000000000
        14.450389299999999      -22.092050900000000        0.000000000000000
         4.754479100000000      -11.079345300000000        0.000000000000000
       -10.338690400000001       17.881244400000000        0.000000000000000
        -8.589294400000000       15.061053899999999        0.000000000000000
       -20.821547200000001       36.161633299999998        0.000000000000000
         8.589240100000000      -15.060958700000000        0.000000000000000
        16.032502200000000      -24.669835800000001        0.000000000000000
         5.545317500000000      -12.599685500000000        0.000000000000000
       -11.449175200000001       19.801844400000000        0.000000000000000
        -9.649976300000001       16.922043899999998        0.000000000000000
       -23.252279000000001       40.383437299999997        0.000000000000000
         9.649915999999999      -16.921938200000000        0.000000000000000
        17.476608299999999      -27.050478999999999        0.000000000000000
         6.354385100000000      -14.110221500000000        0.000000000000000
       -12.441453800000000       21.518069499999999        0.000000000000000
       -10.706082800000001       18.775422100000000        0.000000000000000
       -25.625762800000000       44.505906299999999        0.000000000000000
        10.706016800000000      -18.775306199999999        0.000000000000000
        18.785793200000001      -29.228972400000000        0.000000000000000
         7.177198700000000      -15.613604700000000        0.000000000000000
       -13.314275100000000       23.027796500000001        0.000000000000000
       -11.757108600000000       20.620357299999998        0.000000000000000
       -27.937414799999999       48.521090200000003        0.000000000000000
        11.757037100000000      -20.620231900000000        0.000000000000000
        19.964745099999998      -31.204661900000001        0.000000000000000
         8.009958299999999      -17.112086300000001        0.000000000000000
       -14.068656900000001       24.332825900000000        0.000000000000000
       -12.802548900000000       22.456023399999999        0.000000000000000
       -30.183120700000000       52.421854199999999        0.000000000000000
        12.802472300000000      -22.455888999999999        0.000000000000000
        21.019241999999998      -32.980440600000001        0.000000000000000
         8.849581400000000      -18.607495700000001        0.000000000000000
       -14.707405100000001       25.438050499999999        0.000000000000000
       -13.841899800000000       24.281599400000001        0.000000000000000
       -32.359242999999999       56.201892500000000        0.000000000000000
        13.841818399999999      -24.281456500000001        0.000000000000000
        21.955766499999999      -34.561929599999999        0.000000000000000
         9.693636700000001      -20.101276400000000        0.000000000000000
       -15.234661600000001       26.350669300000000        0.000000000000000
       -14.874657800000000       26.096270100000002        0.000000000000000
       -34.462622199999998       59.855729799999999        0.000000000000000
        14.874572000000001      -26.096119500000000        0.000000000000000
        22.781210699999999      -35.956724800000003        0.000000000000000
        10.540238499999999      -21.594545799999999        0.000000000000000
       -15.655501500000000       27.079491600000001        0.000000000000000
       -15.900320199999999       27.899227000000000        0.000000000000000
       -36.490570800000000       63.378710800000000        0.000000000000000
        15.900230199999999      -27.899069099999998        0.000000000000000
        23.502652099999999      -37.173750400000003        0.000000000000000
        11.387934599999999      -23.088158600000000        0.000000000000000
       -15.975595500000001       27.634351200000001        0.000000000000000
       -16.918384400000001       29.689668099999999        0.000000000000000
       -38.440861099999999       66.766980300000000        0.000000000000000
        16.918290700000000      -29.689503800000001        0.000000000000000
        24.127183599999999      -38.222731300000000        0.000000000000000
        12.235603800000000      -24.582764300000001        0.000000000000000
       -16.200936899999999       28.025634600000000        0.000000000000000
       -17.928347800000001       31.466799699999999        0.000000000000000
       -40.311709000000000       70.017453799999998        0.000000000000000
        17.928250800000001      -31.466629399999999        0.000000000000000
        24.661791000000001      -39.113782999999998        0.000000000000000
        13.082370200000000      -26.078856800000001        0.000000000000000
       -16.337631500000001       28.263917899999999        0.000000000000000
       -18.929707600000000       33.229835799999996        0.000000000000000
       -42.101752400000002       73.127781499999998        0.000000000000000
        18.929607699999998      -33.229660400000000        0.000000000000000
        25.113268500000000      -39.857104999999997        0.000000000000000
        13.927532700000000      -27.576813300000001        0.000000000000000
       -16.391742399999998       28.359697799999999        0.000000000000000
       -19.921960400000000       34.978000000000002        0.000000000000000
       -43.810027499999997       76.096306400000003        0.000000000000000
        19.921857899999999      -34.977820199999996        0.000000000000000
        25.488165500000001      -40.462761999999998        0.000000000000000
        14.770509700000000      -29.076926499999999        0.000000000000000
       -16.369179800000001       28.323202800000001        0.000000000000000
       -20.904601100000001       36.710525699999998        0.000000000000000
       -45.435941600000000       78.922017900000000        0.000000000000000
        20.904496500000000      -36.710341999999997        0.000000000000000
        25.792758800000001      -40.940535699999998        0.000000000000000
        15.610794500000001      -30.579428799999999        0.000000000000000
       -16.275629599999998       28.164268700000001        0.000000000000000
       -21.877122600000000       38.426656899999998        0.000000000000000
       -46.979244799999996       81.604502999999994        0.000000000000000
        21.877016300000001      -38.426470199999997        0.000000000000000
        26.033044799999999      -41.299831200000000        0.000000000000000
        16.447920600000000      -32.084512300000000        0.000000000000000
       -16.116508600000000       27.892263300000000        0.000000000000000
       -22.839014800000001       40.125649799999998        0.000000000000000
       -48.440000599999998       84.143895700000002        0.000000000000000
        22.838907200000001      -40.125460799999999        0.000000000000000
        26.214746200000000      -41.549624600000001        0.000000000000000
        17.281432700000000      -33.592344799999999        0.000000000000000
       -15.896943500000001       27.516049700000000        0.000000000000000
       -23.789763000000001       41.806773499999998        0.000000000000000
       -49.818556000000001       86.540825299999995        0.000000000000000
        23.789654599999999      -41.806583000000003        0.000000000000000
        26.343330900000002      -41.698439999999998        0.000000000000000
        18.110862099999999      -35.103082999999998        0.000000000000000
       -15.621764600000001       27.043975799999998        0.000000000000000
       -24.728846699999998       43.469311699999999        0.000000000000000
       -51.115511900000001       88.796366100000000        0.000000000000000
        24.728737899999999      -43.469120400000001        0.000000000000000
        26.424038400000001      -41.754347000000003        0.000000000000000
        18.935705299999999      -36.616885300000000        0.000000000000000
       -15.295510999999999       26.483884300000000        0.000000000000000
       -25.655737200000001       45.112564100000000        0.000000000000000
       -52.331693799999996       90.911987300000007        0.000000000000000
        25.655628300000000      -45.112372700000002        0.000000000000000
        26.461912999999999      -41.724970900000002        0.000000000000000
        19.755402199999999      -38.133922800000001        0.000000000000000
       -14.922442800000001       25.843134400000000        0.000000000000000
       -26.569894999999999       46.735848500000003        0.000000000000000
       -53.468124400000001       92.889505799999995        0.000000000000000
        26.569786499999999      -46.735657699999997        0.000000000000000
        26.461842300000001      -41.617511299999997        0.000000000000000
        20.569314800000001      -39.654391599999997        0.000000000000000
       -14.506559299999999       25.128632700000001        0.000000000000000
       -27.470766399999999       48.338503000000003        0.000000000000000
       -54.525995899999998       94.731040600000000        0.000000000000000
        27.470658700000001      -48.338313499999998        0.000000000000000
        26.428599899999998      -41.438762400000002        0.000000000000000
        21.376702999999999      -41.178525999999998        0.000000000000000
       -14.051618200000000       24.346868000000001        0.000000000000000
       -28.357779300000001       49.919889499999996        0.000000000000000
       -55.506644999999999       96.438970400000002        0.000000000000000
        28.357672800000000      -49.919702000000001        0.000000000000000
        26.366893600000001      -41.195133900000002        0.000000000000000
        22.176696600000000      -42.706614299999998        0.000000000000000
       -13.561157500000000       23.503948200000000        0.000000000000000
       -29.230336600000001       51.479396700000002        0.000000000000000
       -56.411528900000000       98.015893899999995        0.000000000000000
        29.230231700000001      -51.479211900000003        0.000000000000000
        26.281419199999998      -40.892667699999997        0.000000000000000
        22.968260500000000      -44.239017799999999        0.000000000000000
       -13.038516899999999       22.605638100000000        0.000000000000000
       -30.087809199999999       53.016445599999997        0.000000000000000
       -57.242202700000000       99.464594000000005        0.000000000000000
        30.087706200000000      -53.016264300000003        0.000000000000000
        26.176922500000000      -40.537049099999997        0.000000000000000
        23.750151500000001      -45.776195399999999        0.000000000000000
       -12.486858600000000       21.657395800000000        0.000000000000000
       -30.929524900000001       54.530495500000001        0.000000000000000
       -58.000298299999997      100.788004900000004        0.000000000000000
        30.929424300000001      -54.530318200000004        0.000000000000000
        26.058273400000001      -40.133607400000002        0.000000000000000
        24.520861000000000      -47.318735400000001        0.000000000000000
       -11.909187500000000       20.664407300000001        0.000000000000000
       -31.754754500000001       56.021052400000002        0.000000000000000
       -58.687504400000002      101.989182600000007        0.000000000000000
        31.754656700000002      -56.020879899999997        0.000000000000000
        25.930556700000000      -39.687305199999997        0.000000000000000
        25.278539400000000      -48.867397699999998        0.000000000000000
       -11.308370200000001       19.631619499999999        0.000000000000000
       -32.562692200000001       57.487680599999997        0.000000000000000
       -59.305548000000002      103.071279300000000        0.000000000000000
        32.562597599999997      -57.487513499999999        0.000000000000000
        25.799187700000001      -39.202708999999999        0.000000000000000
        26.020892600000000      -50.423172100000002        0.000000000000000
       -10.687152299999999       18.563770300000002        0.000000000000000
       -33.352428000000003       58.930018400000002        0.000000000000000
       -59.856175200000003      104.037521299999995        0.000000000000000
        33.352336800000003      -58.929857300000002        0.000000000000000
        25.670065300000001      -38.683935099999999        0.000000000000000
        26.745038600000001      -51.987358100000002        0.000000000000000
       -10.048174200000000       17.465416399999999        0.000000000000000
       -34.122908099999997       60.347800499999998        0.000000000000000
       -60.341133200000002      104.891190600000002        0.000000000000000
        34.122820699999998      -60.347646099999999        0.000000000000000
        25.549782900000000      -38.134560899999997        0.000000000000000
        27.447302900000000      -53.561679400000003        0.000000000000000
        -9.393986200000001       16.340958400000002        0.000000000000000
       -34.872877600000002       61.740890600000000        0.000000000000000
       -60.762149600000001      105.635610400000004        0.000000000000000
        34.872794399999997      -61.740743399999999        0.000000000000000
        25.445925800000001      -37.557482499999999        0.000000000000000
        28.122921800000000      -55.148448100000003        0.000000000000000
        -8.727061300000001       15.194663800000001        0.000000000000000
       -35.600794000000000       63.109329799999998        0.000000000000000
       -61.120909599999997      106.274135799999996        0.000000000000000
        35.600715399999999      -63.109190499999997        0.000000000000000
        25.367510299999999      -36.954692000000001        0.000000000000000
        28.765599999999999      -56.750811499999998        0.000000000000000
        -8.049806999999999       14.030686899999999        0.000000000000000
       -36.304693700000001       64.453411000000003        0.000000000000000
       -61.419026299999999      106.810150100000001        0.000000000000000
        36.304620000000000      -64.453280100000001        0.000000000000000
        25.325649800000001      -36.326925199999998        0.000000000000000
        29.366829800000001      -58.373126900000003        0.000000000000000
        -7.364575700000000       12.853087400000000        0.000000000000000
       -36.981978200000000       65.773797200000004        0.000000000000000
       -61.658000000000001      107.247068799999994        0.000000000000000
        36.981909700000003      -65.773675400000002        0.000000000000000
        25.334607999999999      -35.673094200000001        0.000000000000000
        29.914810800000001      -60.021557399999999        0.000000000000000
        -6.673674100000000       11.665845700000000        0.000000000000000
       -37.629058700000002       67.071717599999999        0.000000000000000
       -61.839156199999998      107.588356500000003        0.000000000000000
        37.628995699999997      -67.071605300000002        0.000000000000000
        25.413533999999999      -34.989344199999998        0.000000000000000
        30.392664000000000      -61.705049400000000        0.000000000000000
        -5.979370700000000       10.472877000000000        0.000000000000000
       -38.240734500000002       68.349307400000001        0.000000000000000
       -61.963542799999999      107.837563500000002        0.000000000000000
        38.240677400000003      -68.349205299999994        0.000000000000000
        25.589460500000001      -34.267421100000000        0.000000000000000
        30.775338399999999      -63.437017300000001        0.000000000000000
        -5.283903300000000        9.278042599999999        0.000000000000000
       -38.809040699999997       69.610235000000003        0.000000000000000
       -62.031745000000001      107.998400500000002        0.000000000000000
        38.808989799999999      -69.610143500000007        0.000000000000000
        25.902795600000001      -33.491692499999999        0.000000000000000
        31.023942200000000      -65.238407899999999        0.000000000000000
        -4.589484000000000        8.085160300000000        0.000000000000000
       -39.320948700000002       70.860940400000004        0.000000000000000
       -62.043523299999997      108.074888500000000        0.000000000000000
        39.320904200000001      -70.860860200000005        0.000000000000000
        26.418111300000000      -32.633334499999997        0.000000000000000
        31.074594800000000      -67.143671800000007        0.000000000000000
        -3.898304200000000        6.898011500000000        0.000000000000000
       -39.753322699999998       72.113324100000000        0.000000000000000
       -61.997028399999998      108.071676499999995        0.000000000000000
        39.753284999999998      -72.113255699999996        0.000000000000000
        27.247325600000000      -31.637972500000000        0.000000000000000
        30.814464300000001      -69.213444699999997        0.000000000000000
        -3.212537800000000        5.720347700000000        0.000000000000000
       -40.060365699999998       73.391336100000004        0.000000000000000
       -61.886870100000003      107.994777299999996        0.000000000000000
        40.060335000000002      -73.391280100000003        0.000000000000000
        28.605724400000000      -30.396256500000000        0.000000000000000
        30.023814300000002      -71.564709699999995        0.000000000000000
        -2.534343900000000        4.555894400000000        0.000000000000000
       -40.136205300000000       74.750175700000000        0.000000000000000
       -61.698440499999997      107.853492700000004        0.000000000000000
        40.136182099999999      -74.750132399999998        0.000000000000000
        30.971329600000001      -28.662022499999999        0.000000000000000
        28.210959100000000      -74.454560599999994        0.000000000000000
        -1.865868000000000        3.408353300000000        0.000000000000000
       -39.666979099999999       76.349322900000004        0.000000000000000
       -61.385968200000001      107.666309799999993        0.000000000000000
        39.666963600000003      -76.349293000000003        0.000000000000000
        35.663429000000001      -25.766423600000000        0.000000000000000
        24.011785700000001      -78.571962700000000        0.000000000000000
        -1.209241900000000        2.281402700000000        0.000000000000000
       -37.125272799999998       78.906606300000007        0.000000000000000
       -60.730291299999998      107.477007799999996        0.000000000000000
        37.125265300000002      -78.906590399999999        0.000000000000000
        48.005558000000001      -19.187216700000000        0.000000000000000
        11.884541499999999      -86.484567499999997        0.000000000000000
        -0.566583500000000        1.178695800000000        0.000000000000000
        44.222653800000003       76.595892000000006        0.000000000000000
        35.099262899999999       60.793713599999997        0.000000000000000
       -44.222653000000001      -76.595890600000004        0.000000000000000
        19.651738600000002       34.037813600000000        0.000000000000000
       -54.654487400000001      -94.664359800000000        0.000000000000000
         0.059973000000000        0.103876200000000        0.000000000000000
        44.222653800000003       76.595892000000006        0.000000000000000
       -44.222653000000001      -76.595890600000004        0.000000000000000
        19.651738600000002       34.037813600000000        0.000000000000000
        35.099262899999999       60.793713599999997        0.000000000000000
       -54.654487400000001      -94.664359800000000        0.000000000000000
         0.059973000000000        0.103876200000000        0.000000000000000
        45.266972400000000       78.404705100000001        0.000000000000000
       -45.266953899999997      -78.404672899999994        0.000000000000000
        19.542989200000001       33.849454100000003        0.000000000000000
        43.592004500000002       75.503575299999994        0.000000000000000
       -60.928367399999999     -105.531040099999998        0.000000000000000
         1.241583100000000        2.150485300000000        0.000000000000000
        46.228770099999998       80.070587700000004        0.000000000000000
       -46.228732500000000      -80.070522600000004        0.000000000000000
        19.587823600000000       33.927109500000000        0.000000000000000
        45.215676600000002       78.315858199999994        0.000000000000000
       -60.209640000000000     -104.286167500000005        0.000000000000000
         2.333127500000000        4.041095800000000        0.000000000000000
        47.106293600000001       81.590503200000001        0.000000000000000
       -47.106235599999998      -81.590402699999999        0.000000000000000
        19.806103499999999       34.305181500000003        0.000000000000000
        46.808572099999999       81.074834400000000        0.000000000000000
       -59.350068899999997     -102.797346599999997        0.000000000000000
         3.318985400000000        5.748652100000000        0.000000000000000
        47.897943400000003       82.961681100000007        0.000000000000000
       -47.897863500000000      -82.961542699999995        0.000000000000000
        20.216293499999999       35.015651499999997        0.000000000000000
        48.376012600000003       83.789721299999997        0.000000000000000
       -58.368096500000000     -101.096520299999995        0.000000000000000
         4.184444800000000        7.247671700000000        0.000000000000000
        48.602276500000002       84.181621899999996        0.000000000000000
       -48.602173200000003      -84.181442899999993        0.000000000000000
        20.834925800000001       36.087154200000001        0.000000000000000
        49.916588300000001       86.458077000000003        0.000000000000000
       -57.275003900000002      -99.203228199999998        0.000000000000000
         4.916070800000000        8.514885400000001        0.000000000000000
        49.218009100000003       85.248102099999997        0.000000000000000
       -49.217880600000001      -85.247879499999996        0.000000000000000
        21.676106099999998       37.544121400000002        0.000000000000000
        51.428112499999997       89.076114000000004        0.000000000000000
       -56.080885500000001      -97.134954199999996        0.000000000000000
         5.502146300000000        9.529998100000000        0.000000000000000
        49.744018799999999       86.159177900000003        0.000000000000000
       -49.743863300000001      -86.158908499999995        0.000000000000000
        22.750981100000001       39.405859700000001        0.000000000000000
        52.908217700000002       91.639731699999999        0.000000000000000
       -54.795263200000001      -94.908190800000000        0.000000000000000
         5.933164100000000       10.276542900000001        0.000000000000000
        50.179347200000002       86.913188800000000        0.000000000000000
       -50.179162599999998      -86.912869000000001        0.000000000000000
        24.067197300000000       41.685613199999999        0.000000000000000
        54.354485799999999       94.144741699999997        0.000000000000000
       -53.427233399999999      -92.538693300000006        0.000000000000000
         6.202343400000000       10.742775099999999        0.000000000000000
        50.523200899999999       87.508760899999999        0.000000000000000
       -50.522984800000003      -87.508386599999994        0.000000000000000
        25.628390499999998       44.389679500000000        0.000000000000000
        55.764496899999997       96.586952999999994        0.000000000000000
       -51.985529800000002      -90.041589099999996        0.000000000000000
         6.306130100000000       10.922538899999999        0.000000000000000
        50.774953400000001       87.944809100000001        0.000000000000000
       -50.774703199999998      -87.944375699999995        0.000000000000000
        27.433756200000001       47.516665099999997        0.000000000000000
        57.135859099999998       98.962222299999993        0.000000000000000
       -50.478562799999999      -87.431445499999995        0.000000000000000
         6.244630500000000       10.816018600000000        0.000000000000000
        50.934146200000001       88.220539099999996        0.000000000000000
       -50.933858800000003      -88.220041399999999        0.000000000000000
        29.477755399999999       51.056975899999998        0.000000000000000
        58.466231499999999      101.266495100000000        0.000000000000000
       -48.914450000000002      -84.722322399999996        0.000000000000000
         6.021922400000000       10.430276800000000        0.000000000000000
        51.000489500000000       88.335449199999999        0.000000000000000
       -51.000161700000000      -88.334881300000006        0.000000000000000
        31.750008000000001       54.992633300000001        0.000000000000000
        59.753345899999999      103.495842800000005        0.000000000000000
       -47.301039799999998      -81.927813599999993        0.000000000000000
         5.646188900000000        9.779487200000000        0.000000000000000
        50.973863100000003       88.289330800000002        0.000000000000000
       -50.973490800000000      -88.288685999999998        0.000000000000000
        34.235417300000002       59.297488999999999        0.000000000000000
        60.995028099999999      105.646499700000007        0.000000000000000
       -45.645931400000002      -79.061081400000006        0.000000000000000
         5.129632500000000        8.884785100000000        0.000000000000000
        50.854315999999997       88.082269199999999        0.000000000000000
       -50.853894799999999      -88.081539699999993        0.000000000000000
        36.914544700000000       63.937874299999997        0.000000000000000
        62.189218699999998      107.714898800000000        0.000000000000000
       -43.956490299999999      -76.134883200000004        0.000000000000000
         4.488145700000000        7.773697200000000        0.000000000000000
        50.642067099999998       87.714643300000006        0.000000000000000
       -50.641591800000000      -87.713819999999998        0.000000000000000
        39.764229000000000       68.873672900000003        0.000000000000000
        63.333994400000002      109.697708700000007        0.000000000000000
       -42.239859899999999      -73.161591900000005        0.000000000000000
         3.740744300000000        6.479159900000000        0.000000000000000
        50.337504199999998       87.187124699999998        0.000000000000000
       -50.336968700000000      -87.186197300000003        0.000000000000000
        42.758412399999997       74.059751199999994        0.000000000000000
        64.427588700000001      111.591869799999998        0.000000000000000
       -40.502969600000000      -70.153209200000006        0.000000000000000
         2.908797700000000        5.038186000000000        0.000000000000000
        49.941183600000002       86.500677199999998        0.000000000000000
       -49.940580900000000      -86.499633399999993        0.000000000000000
        45.869108300000001       79.447635199999993        0.000000000000000
        65.468412999999998      113.394630500000005        0.000000000000000
       -38.752538500000000      -67.121373300000002        0.000000000000000
         2.015120900000000        3.490292300000000        0.000000000000000
        49.453829100000000       85.656554400000005        0.000000000000000
       -49.453150999999998      -85.655379900000000        0.000000000000000
        49.067429500000003       84.987290700000003        0.000000000000000
        66.455077000000003      115.103583000000000        0.000000000000000
       -36.995076800000000      -64.077359999999999        0.000000000000000
         1.083007300000000        1.875823900000000        0.000000000000000
        48.876330699999997       84.656297800000004        0.000000000000000
       -48.875567599999997      -84.654976000000005        0.000000000000000
        52.324588499999997       90.628856099999993        0.000000000000000
        67.386409200000003      116.716697800000006        0.000000000000000
       -35.236882199999997      -61.032077200000003        0.000000000000000
         0.135289500000000        0.234328400000000        0.000000000000000
        48.209743199999998       83.501734200000001        0.000000000000000
       -48.208883600000000      -83.500245300000003        0.000000000000000
        55.612791899999998       96.324192100000005        0.000000000000000
        68.261476000000002      118.232358099999999        0.000000000000000
       -33.484033900000000      -57.996054700000002        0.000000000000000
        -0.806495100000000       -1.396890600000000        0.000000000000000
        47.455284100000000       82.194972600000000        0.000000000000000
       -47.454314300000000      -82.193292900000003        0.000000000000000
        58.905971899999997      102.028147899999993        0.000000000000000
        69.079600299999996      119.649391199999997        0.000000000000000
       -31.742383400000001      -54.979427100000002        0.000000000000000
        -1.722777400000000       -2.983938300000000        0.000000000000000
        46.614331600000000       80.738399900000005        0.000000000000000
       -46.613235500000002      -80.736501399999995        0.000000000000000
        62.180320000000002      107.699485800000005        0.000000000000000
        69.840379200000001      120.967098899999996        0.000000000000000
       -30.017541099999999      -51.991912200000002        0.000000000000000
        -2.596434800000000       -4.497157400000000        0.000000000000000
        45.688422299999999       79.134677900000000        0.000000000000000
       -45.687180300000001      -79.132526499999997        0.000000000000000
        65.414617300000003      113.301453600000002        0.000000000000000
        70.543699000000004      122.185284899999999        0.000000000000000
       -28.314861000000001      -49.042783499999999        0.000000000000000
        -3.413069900000000       -5.911611200000000        0.000000000000000
        44.679248600000001       77.386737499999995        0.000000000000000
       -44.677836900000003      -77.384292299999998        0.000000000000000
        68.590376899999995      118.802031200000002        0.000000000000000
        71.189750000000004      123.304278100000005        0.000000000000000
       -26.639422300000000      -46.140838199999997        0.000000000000000
        -4.161104400000000       -7.207245100000000        0.000000000000000
        43.588655799999998       75.497775099999998        0.000000000000000
       -43.587045400000001      -75.494985900000003        0.000000000000000
        71.691827399999994      124.173901799999996        0.000000000000000
        71.779037000000002      124.324953300000004        0.000000000000000
       -24.996007800000001      -43.294360500000003        0.000000000000000
        -4.831718100000000       -8.368782200000000        0.000000000000000
        42.418638899999998       73.471246199999996        0.000000000000000
       -42.416794400000001      -73.468051399999993        0.000000000000000
        74.705776099999994      129.394214599999998        0.000000000000000
        72.312388999999996      125.248746100000005        0.000000000000000
       -23.389080799999999      -40.511080900000003        0.000000000000000
        -5.418672200000000       -9.385416700000000        0.000000000000000
        41.171340100000002       71.310861000000003        0.000000000000000
       -41.169217099999997      -71.307183899999998        0.000000000000000
        77.621389100000002      134.444205000000011        0.000000000000000
        72.790964099999997      126.077662599999996        0.000000000000000
       -21.822759300000001      -37.798132199999998        0.000000000000000
        -5.918054400000000      -10.250372100000000        0.000000000000000
        39.849044800000001       69.020578200000003        0.000000000000000
       -39.846587900000003      -69.016322700000003        0.000000000000000
        80.429925699999998      139.308733700000005        0.000000000000000
        73.216251999999997      126.814282800000001        0.000000000000000
       -20.300789300000002      -35.162002500000000        0.000000000000000
        -6.327980900000000      -10.960385700000000        0.000000000000000
        38.454179199999999       66.604599699999994        0.000000000000000
       -38.451318100000002      -66.599644100000006        0.000000000000000
        83.124453099999997      143.975792500000011        0.000000000000000
        73.590071300000005      127.461756899999997        0.000000000000000
       -18.826516000000002      -32.608485999999999        0.000000000000000
        -6.648284700000000      -11.515168200000000        0.000000000000000
        36.989306499999998       64.067365499999994        0.000000000000000
       -36.985951100000001      -64.061553799999999        0.000000000000000
        85.699564699999996      148.436017200000009        0.000000000000000
        73.914563299999998      128.023793600000005        0.000000000000000
       -17.402855299999999      -30.142633000000000        0.000000000000000
        -6.880210900000000      -11.916876300000000        0.000000000000000
        35.457125099999999       61.413549300000000        0.000000000000000
       -35.453158299999998      -61.406678499999998        0.000000000000000
        88.151116500000001      152.682229900000010        0.000000000000000
        74.192179800000005      128.504639599999990        0.000000000000000
       -16.032264600000001      -27.768700100000000        0.000000000000000
        -7.026133700000000      -12.169621899999999        0.000000000000000
        33.860466799999998       58.648055499999998        0.000000000000000
       -33.855734099999999      -58.639858300000000        0.000000000000000
        90.475988999999998      156.709027800000001        0.000000000000000
        74.425666399999997      128.909050299999990        0.000000000000000
       -14.716714700000001      -25.490100500000000        0.000000000000000
        -7.089303100000000      -12.279034599999999        0.000000000000000
        32.202296099999998       55.776019400000003        0.000000000000000
       -32.196590600000000      -55.766137100000002        0.000000000000000
        92.671880500000000      160.512423899999987        0.000000000000000
        74.618039300000007      129.242250000000013        0.000000000000000
       -13.457662700000000      -23.309358199999998        0.000000000000000
        -7.073626900000000      -12.251882600000000        0.000000000000000
        30.485713600000000       52.802810999999998        0.000000000000000
       -30.478752300000000      -52.790753600000002        0.000000000000000
        94.737130899999997      164.089542899999998        0.000000000000000
        74.772557100000000      129.509882599999997        0.000000000000000
       -12.256027599999999      -21.228064900000000        0.000000000000000
        -6.983485500000000      -12.095753000000000        0.000000000000000
        28.713962800000001       49.734048199999997        0.000000000000000
       -28.705351000000000      -49.719132000000002        0.000000000000000
        96.670575600000006      167.438367599999992        0.000000000000000
        74.892685700000001      129.717951599999992        0.000000000000000
       -11.112168600000000      -19.246842900000001        0.000000000000000
        -6.823580800000000      -11.818789900000001        0.000000000000000
        26.890446600000001       46.575625100000003        0.000000000000000
       -26.879619500000000      -46.556871999999998        0.000000000000000
        98.471426300000005      170.557532900000012        0.000000000000000
        74.982058899999998      129.872750599999989        0.000000000000000
       -10.025867900000000      -17.365314600000001        0.000000000000000
        -6.598814800000000      -11.429483800000000        0.000000000000000
        25.018760000000000       43.333768499999998        0.000000000000000
       -25.004886200000001      -43.309738299999999        0.000000000000000
       100.139176000000006      173.446160499999991        0.000000000000000
        75.044432000000000      129.980784000000000        0.000000000000000
        -8.996317800000000      -15.582081300000000        0.000000000000000
        -6.314194300000000      -10.936506600000000        0.000000000000000
        23.102756200000002       40.015152000000000        0.000000000000000
       -23.084568699999998      -39.983650400000002        0.000000000000000
       101.673523900000006      176.103729399999992        0.000000000000000
        75.083631900000000      130.048680100000013        0.000000000000000
        -8.022114300000000      -13.894711200000000        0.000000000000000
        -5.974758600000000      -10.348586700000000        0.000000000000000
        21.146680400000001       36.627128999999996        0.000000000000000
       -21.122167800000000      -36.584671999999998        0.000000000000000
       103.074317800000003      178.529975799999988        0.000000000000000
        75.103502500000005      130.083097000000009        0.000000000000000
        -7.101257200000000      -12.299739600000001        0.000000000000000
        -5.585526000000000       -9.674415900000000        0.000000000000000
        19.155459100000002       33.178232100000002        0.000000000000000
       -19.121261000000001      -33.118999400000000        0.000000000000000
       104.341510799999995      180.724818800000008        0.000000000000000
        75.107849099999996      130.090625499999987        0.000000000000000
        -6.231157000000000      -10.792681699999999        0.000000000000000
        -5.151456300000000       -8.922585000000000        0.000000000000000
        17.135368799999998       29.679332800000001        0.000000000000000
       -17.085495900000002      -29.592950399999999        0.000000000000000
       105.475131700000006      182.688307900000012        0.000000000000000
        75.100381999999996      130.077692100000007        0.000000000000000
        -5.408650900000000       -9.368059300000001        0.000000000000000
        -4.677426600000000       -8.101541400000000        0.000000000000000
        15.095761000000000       26.146628000000000        0.000000000000000
       -15.018583800000000      -26.012953199999998        0.000000000000000
       106.475267200000005      184.420593599999989        0.000000000000000
        75.084665900000005      130.050471100000010        0.000000000000000
        -4.630026500000000       -8.019442099999999        0.000000000000000
        -4.168217100000000       -7.219564700000000        0.000000000000000
        13.054246200000000       22.610620300000001        0.000000000000000
       -12.924292700000001      -22.385534100000001        0.000000000000000
       107.342062200000001      185.921926700000000        0.000000000000000
        75.064085000000006      130.014823799999988        0.000000000000000
        -3.891053600000000       -6.739503400000000        0.000000000000000
        -3.628506300000000       -6.284757900000000        0.000000000000000
        11.056416600000000       19.150277500000001        0.000000000000000
       -10.806440400000000      -18.717306000000001        0.000000000000000
       108.075752699999995      187.192716100000013        0.000000000000000
        75.041850400000001      129.976312400000012        0.000000000000000
        -3.187010900000000       -5.520065400000000        0.000000000000000
        -3.062886600000000       -5.305075800000000        0.000000000000000
         9.290677400000000       16.091927200000001        0.000000000000000
        -8.668887900000000      -15.014956000000000        0.000000000000000
       108.676794299999997      188.233750799999996        0.000000000000000
        75.021145799999999      129.940451099999990        0.000000000000000
        -2.512813500000000       -4.352321100000000        0.000000000000000
        -2.475793200000000       -4.288200100000000        0.000000000000000
        10.702871500000001       18.537919400000000        0.000000000000000
        -6.515531900000000      -11.285233500000000        0.000000000000000
       109.146360900000005      189.047064100000000        0.000000000000000
        75.005816100000004      129.913899299999997        0.000000000000000
        -1.862927300000000       -3.226685200000000        0.000000000000000
        -1.871657100000000       -3.241805600000000        0.000000000000000
         0.000000000000000        0.000000000000000        0.000000000000000
        -4.350298000000000       -7.534938000000000        0.000000000000000
       109.488985299999996      189.640507000000014        0.000000000000000
        75.004198000000002      129.911096500000014        0.000000000000000
        -1.231550100000000       -2.133107600000000        0.000000000000000
        -1.254802800000000       -2.173382500000000        0.000000000000000
         0.000000000000000        0.000000000000000        0.000000000000000
        -2.177133500000000       -3.770906200000000        0.000000000000000
       109.741068299999995      190.077127800000000        0.000000000000000
        75.070907899999995      130.026641500000011        0.000000000000000
        -0.612652000000000       -1.061144600000000        0.000000000000000
        -0.629493600000000       -1.090315100000000        0.000000000000000
         0.000000000000000        0.000000000000000        0.000000000000000
         0.000000000000000        0.000000000000000        0.000000000000000
         0.000000000000000        0.000000000000000        0.000000000000000
         0.000000000000000        0.000000000000000        0.000000000000000
         0.000000000000000        0.000000000000000        0.000000000000000
         0.000000000000000        0.000000000000000        0.000000000000000
